 36552 15272 41545 33230 65391  8618  2379 34218
 63549 59574 38440 55711 22884 47304 30546 53507
 20457 48431  5262 21303 50356 31253 39055 57937
 23431 36103 40676 56979 53898  4626  6408 55744
 39948 27509  6438  1046 65232 46805 23159 22116
 48853 13189  1091 22188 49431 18367 64828 30535
  8244 52069 54034 52106 45922 38765 39212 19836
 19698 36591 30647 37795   426 15726 23561 35618
 63330 50643 65356 38256 51487 19937 40872 32724
 10655 37110 48425 30942 33714  7283 62157  8580
 43948 30544 40469 41884 56053 16041 26037 35399
 51128 57262 30450 46884 59000 65133 58651 60783
 57901 43297 62956 17673  7943 11339 15498 22719
 38364  1097 48513 38800 53687 63033  6772 10267
  7979    53 22016 15066   552 27677 11859 33439
 25672 58593 42165 42495 13608 33370 27938  1417
 65184 61049 18841 52538 17249 39602 25091 50911
 60842 48123  9838 56812 57145 40314 42966 49661
 40446 30849 39391 43581 64648 10682
